utils/recept2grid/defaut_grille.grd
DSAA         
319 359        
657891.5 634041.5        
5075888. 5049038.        
12.76284 87.57597        
[rows 252 to 279 of 359, columns 63 to 125 of 319]
29.21543 29.28488 29.35432 29.42377 29.49322 29.53915 29.58451 29.70865 29.84628 29.99497 30.24360 30.49223 30.74086 30.98948 31.70089 32.58934 33.47778 34.09793 34.43507 34.77221 35.11374 35.47109 35.82845 36.22195 36.64581 37.09342 37.56413 38.05586 38.54760 39.03934 39.69592 40.39491 41.70308 42.17849 42.45926 42.74004 49.93984 60.05630 64.44080 56.71195 49.02369 41.33543 40.22147 40.08886 40.01842 39.94798 39.86903 39.68331 39.49759 39.31187 39.12615 38.94043 38.85693 38.82019 38.71460 38.60902 38.50344 38.39786 38.29227 38.18669 38.08111 37.97553 37.86995
29.28724 29.35669 29.42614 29.49559 29.56474 29.61010 29.65546 29.75121 29.88884 30.02647 30.20248 30.45111 30.69974 31.02811 31.45672 32.58648 33.51306 34.13321 34.47035 34.81649 35.16656 35.52221 35.87891 36.25577 36.69416 37.14454 37.59539 38.08713 38.58709 39.13928 39.72118 40.35264 41.31047 42.39714 42.67792 45.56675 55.68322 64.66713 59.89298 52.20472 44.51646 40.34650 40.16519 40.09475 40.02431 39.92746 39.74173 39.55602 39.37029 39.18457 38.99885 38.92555 38.87241 38.76683 38.66124 38.55566 38.45008 38.34450 38.23891 38.13333 38.02775 37.92216 37.81659
29.35906 29.42851 29.49796 29.56741 29.63568 29.68104 29.72640 29.79377 29.93140 30.06903 30.20666 30.40998 30.72962 31.07003 31.41044 32.28108 33.41084 34.17442 34.52226 34.87009 35.22017 35.57582 35.93147 36.30231 36.74940 37.19649 37.64603 38.14084 38.69303 39.24522 39.81977 40.41992 41.00935 42.48116 42.89657 51.31013 61.42660 63.07401 55.38575 47.69749 40.47153 40.24152 40.17108 40.10064 39.98588 39.80016 39.61444 39.42871 39.24300 39.05727 38.99417 38.92463 38.81905 38.71347 38.60788 38.50230 38.39672 38.29113 38.18555 38.07997 37.97439 37.86880 37.76322
29.45635 29.50033 29.56978 29.63923 29.70663 29.75199 29.79735 29.84271 29.97395 30.11158 30.25687 30.43389 30.77318 31.11296 31.45273 32.01448 33.36380 34.22631 34.57535 34.92371 35.27378 35.63183 36.01195 36.39787 36.84496 37.29204 37.75351 38.27749 38.81583 39.35116 39.91722 40.52886 41.33814 42.41242 46.93705 57.05352 65.52708 58.56678 50.87852 43.19027 40.34360 40.24741 40.17698 40.04430 39.85858 39.67286 39.48714 39.30142 39.11570 39.06279 38.97685 38.87127 38.76569 38.66010 38.55452 38.44894 38.34336 38.23777 38.13219 38.02661 37.92103 37.81544 37.70986
29.57094 29.61271 29.65449 29.71104 29.77758 29.82294 29.86830 29.91366 30.02114 30.19816 30.37518 30.55220 30.81989 31.15966 31.50134 31.86007 33.41518 34.27770 34.62674 34.97578 35.34571 35.72739 36.10750 36.49342 36.94051 37.40445 37.88240 38.40726 38.97508 39.51134 40.14455 40.96191 42.12087 43.63490 52.68044 62.79690 61.74781 54.05956 46.37130 40.46863 40.32375 40.25331 40.10272 39.91700 39.73128 39.54556 39.35984 39.17412 39.13141 39.02907 38.92349 38.81791 38.71233 38.60674 38.50116 38.39558 38.29000 38.18441 38.07883 37.97325 37.86767 37.76208 37.65650
29.68552 29.72730 29.76908 29.81085 29.85212 29.90241 29.95270 30.00299 30.05829 30.28125 30.49349 30.67051 30.86658 31.20646 31.56519 31.92392 33.36551 34.32909 34.68854 35.05735 35.43099 35.81667 36.20236 36.58898 37.05538 37.53334 38.01129 38.53615 39.10840 39.74693 40.51843 41.67792 43.15260 45.93194 55.62097 64.92885 57.24059 49.55233 41.86407 40.40008 40.32964 40.16114 39.97542 39.78970 39.60398 39.41826 39.23254 39.18688 39.08130 38.97571 38.87013 38.76455 38.65897 38.55338 38.44780 38.34222 38.23664 38.13105 38.02547 37.91989 37.81430 37.70872 37.60314
29.80092 29.84188 29.88366 29.92391 29.95582 29.99998 30.05027 30.07949 30.08755 30.26175 30.48470 30.70766 30.93843 31.27303 31.62904 31.98777 32.88567 34.17353 34.77382 35.14262 35.51627 35.90195 36.29361 36.77095 37.24064 37.71012 38.17960 38.73472 39.40609 40.21398 41.29401 42.67828 45.38506 56.79689 63.29889 59.80446 52.73336 45.04510 40.47641 40.40528 40.21956 40.03384 39.84813 39.66240 39.47668 39.29096 39.23910 39.13352 39.02794 38.92235 38.81677 38.71119 38.60561 38.50002 38.39444 38.28886 38.18327 38.07769 37.97211 37.86653 37.76094 37.65536 37.54978
29.93218 29.95646 29.99766 30.02957 30.06148 30.09755 30.14647 30.15454 30.16261 30.24224 30.46608 30.77914 31.09220 31.41733 31.76117 32.10500 32.78722 33.46593 34.14464 35.10579 35.60155 36.05454 36.52611 37.00346 37.50911 37.96683 38.42287 39.09869 39.88418 41.20050 42.58055 45.59559 58.19721 60.04294 44.71392 44.04265 48.22613 40.59076 40.46371 40.27798 40.09227 39.90655 39.72083 39.53511 39.34938 39.29132 39.18574 39.08015 38.97458 38.86899 38.76341 38.65783 38.55224 38.44666 38.34108 38.23550 38.12991 38.02433 37.91875 37.81317 37.70758 37.60200 37.49642
30.06344 30.08701 30.11559 30.13989 30.16714 30.19905 30.22153 30.23956 30.26916 30.31529 30.61976 30.93291 31.24597 31.56164 31.90547 32.54015 33.44707 34.17675 34.85546 35.40439 35.84348 36.28767 36.75861 37.23595 37.76248 38.24043 38.86811 39.65424 40.92922 42.40879 46.04812 58.94718 57.83435 43.45737 41.71511 41.31271 43.71890 40.52213 40.33641 40.15069 39.96497 39.77925 39.59353 39.40781 39.34354 39.23796 39.13238 39.02679 38.92121 38.81563 38.71005 38.60447 38.49888 38.39330 38.28772 38.18214 38.07655 37.97097 37.86539 37.75981 37.65422 37.54864 37.44306
30.21170 30.24553 30.27829 30.30260 30.32690 30.36086 30.40132 30.43093 30.46054 30.53509 30.76565 31.08181 31.39798 31.71280 32.28698 33.19391 34.10084 34.83224 35.25040 35.66856 36.10904 36.58200 37.02121 37.46846 38.02824 38.73831 39.60392 40.81599 42.49731 46.86642 60.37380 54.00274 42.67269 41.34465 40.63009 40.48912 40.44540 40.39483 40.20911 40.02339 39.83767 39.65195 39.46623 39.39576 39.29018 39.18460 39.07902 38.97343 38.86785 38.76227 38.65669 38.55111 38.44552 38.33994 38.23436 38.12878 38.02319 37.91761 37.81203 37.70761 37.60351 37.49942 37.39532
30.37021 30.40404 30.43787 30.46530 30.49688 30.54618 30.59270 30.62230 30.67890 30.75488 30.91154 31.22771 31.54621 31.91372 32.36023 33.23426 34.10829 35.10299 35.51515 35.93272 36.37320 36.85764 37.31803 37.91892 38.58742 39.48870 40.76950 42.52306 47.67191 61.45044 54.01043 42.05802 41.09940 40.24576 40.10317 40.07450 40.12421 40.26753 40.08181 39.89609 39.71037 39.52465 39.44799 39.34240 39.23682 39.13124 39.02566 38.92007 38.81449 38.70891 38.60332 38.49775 38.39216 38.28658 38.18225 38.07815 37.97406 37.86996 37.76587 37.66177 37.55768 37.45358 37.34949
30.52085 30.55760 30.59435 30.63290 30.68220 30.73149 30.78078 30.82272 30.89870 30.97468 31.05743 31.42334 31.79085 32.16086 32.55674 33.09850 33.99949 35.24729 35.79613 36.20520 36.65469 37.18916 37.79780 38.51618 39.40858 40.63346 42.55872 50.13575 62.90611 49.51677 41.72434 40.45573 39.89558 39.75916 39.73445 39.79432 39.91729 40.08986 39.95451 39.76880 39.58883 39.50021 39.39463 39.28904 39.18346 39.07788 38.97229 38.86671 38.76113 38.65689 38.55279 38.44870 38.34460 38.24051 38.13641 38.03232 37.92822 37.82413 37.72004 37.61594 37.51195 37.41088 37.30981
30.67061 30.70772 30.76571 30.82370 30.87254 30.92059 30.96864 31.04374 31.12025 31.19677 31.35833 31.66797 32.03548 32.41217 32.80805 33.20393 33.98265 35.23045 36.06402 36.51702 37.04387 37.64952 38.43338 39.38271 40.86794 43.70067 50.83945 62.67066 47.01275 41.21831 40.19490 39.62128 39.44783 39.43685 39.49253 39.59159 39.71036 39.83333 39.82722 39.65745 39.55243 39.44685 39.34126 39.23568 39.13153 39.02743 38.92334 38.81924 38.71515 38.61105 38.50983 38.40876 38.30770 38.20663 38.10556 38.00450 37.90343 37.80237 37.70130 37.60023 37.49917 37.39811 37.29704
30.83851 30.89670 30.95469 31.01269 31.06458 31.11263 31.18581 31.26518 31.34295 31.41947 31.66397 31.95612 32.28012 32.66348 33.12169 33.89860 34.67550 35.92541 36.40931 36.93121 37.56306 38.34506 39.48884 40.92129 43.69850 54.90198 59.48723 44.80351 40.57798 39.79160 39.31828 39.15800 39.18805 39.26565 39.32133 39.40640 39.52006 39.63371 39.71026 39.60878 39.50771 39.40665 39.30558 39.20451 39.10345 39.00238 38.90132 38.80025 38.69918 38.59812 38.49705 38.39599 38.29492 38.19386 38.09279 37.99172 37.89066 37.78959 37.68853 37.58746 37.48639 37.38533 37.28426
31.02452 31.08372 31.14292 31.20167 31.25663 31.32682 31.40620 31.48557 31.56495 31.67745 31.96960 32.26176 32.54936 33.15966 33.97186 34.78406 35.59626 36.29885 36.85810 37.47206 38.25416 39.40174 40.90311 44.51920 54.86443 57.87195 42.82113 40.18406 39.49179 39.06879 38.91629 38.88040 38.97297 39.06888 39.15014 39.22121 39.33487 39.46183 39.57878 39.52719 39.48476 39.44232 39.39988 39.30697 39.20134 39.09570 38.99007 38.88443 38.77880 38.67316 38.56753 38.46189 38.35626 38.25063 38.14499 38.03936 37.93372 37.82809 37.72245 37.61682 37.51118 37.40555 37.29992
31.20834 31.26974 31.32893 31.39057 31.47751 31.55923 31.63860 31.71798 31.79735 31.96268 32.24823 32.53378 32.86504 33.35802 33.84166 34.63868 35.59063 36.76523 37.41516 38.21153 39.34060 40.91898 44.58522 56.68401 56.15321 42.07796 40.00254 39.28380 38.85132 38.70306 38.66390 38.71960 38.79496 38.87146 38.94971 39.03602 39.17179 39.32286 39.43982 39.37426 39.33182 39.28938 39.24694 39.20450 39.16206 39.11963 39.07719 39.01424 38.90860 38.80297 38.69733 38.59170 38.48606 38.38043 38.27480 38.16916 38.06353 37.95789 37.85226 37.74662 37.64099 37.53535 37.42972
31.39237 31.45575 31.54065 31.62734 31.71446 31.80218 31.88271 31.96208 32.08524 32.23251 32.51820 32.80375 33.21146 33.69973 34.20454 34.68527 36.09887 37.40159 38.16473 39.44382 40.87059 44.93043 59.78768 53.36147 40.93585 39.73028 39.02339 38.67849 38.51581 38.50911 38.52441 38.58179 38.65509 38.73159 38.80809 38.91205 39.03281 39.18389 39.30085 39.22943 39.17888 39.13644 39.09400 39.05156 39.00913 38.96669 38.92425 38.88181 38.83937 38.79694 38.75450 38.71206 38.61587 38.51023 38.40460 38.29897 38.19333 38.08770 37.98206 37.87643 37.77079 37.66516 37.55952
31.64124 31.70347 31.77742 31.86410 31.95141 32.03913 32.12682 32.24027 32.38754 32.53481 32.78382 33.09393 33.55790 34.04309 34.55817 35.28730 36.19495 38.38520 39.51159 41.11671 46.26359 58.96083 51.09150 41.20944 39.79989 38.78518 38.54018 38.39527 38.38564 38.38935 38.41204 38.45651 38.51522 38.59171 38.69567 38.81379 38.93191 39.05002 39.16187 39.09046 39.02594 38.98351 38.94107 38.89863 38.85619 38.81375 38.77131 38.72887 38.68644 38.64400 38.60156 38.55912 38.51668 38.47424 38.43180 38.38937 38.32313 38.21750 38.11186 38.00623 37.90059 37.79496 37.68932
31.92411 31.97550 32.02104 32.10087 32.18836 32.27898 32.41674 32.56767 32.69930 32.83712 33.04372 33.46632 33.93675 34.47697 35.13862 35.99758 37.47956 39.90948 41.78869 47.67546 61.67878 48.81110 40.39291 39.49168 38.66351 38.41471 38.29033 38.28070 38.27108 38.26960 38.29967 38.34414 38.38861 38.47980 38.59834 38.71688 38.83542 38.95396 38.99292 38.95149 38.88008 38.83057 38.78813 38.74569 38.70325 38.66081 38.61837 38.57594 38.53350 38.49106 38.44862 38.40618 38.36374 38.32130 38.27887 38.23643 38.19399 38.15155 38.10911 38.06667 38.02423 37.92476 37.81913
32.20015 32.24754 32.29308 32.33862 32.47054 32.60830 32.74605 32.90305 33.05294 33.18800 33.44451 33.89635 34.45946 35.09351 35.88640 36.97435 39.04592 42.92115 50.12775 60.85397 45.95634 40.04500 39.32586 38.51455 38.32983 38.18700 38.17626 38.16614 38.15651 38.14985 38.18730 38.23525 38.28533 38.38735 38.50589 38.62444 38.72609 38.70028 38.71936 38.81252 38.74111 38.67763 38.63519 38.59275 38.55031 38.50787 38.46544 38.42300 38.38056 38.33812 38.29568 38.25324 38.21080 38.16837 38.12593 38.08349 38.04105 37.99862 37.95618 37.91374 37.87130 37.82886 37.78642
32.47404 32.51958 32.59077 32.67449 32.79876 32.93761 33.07536 33.22667 33.39375 33.59401 33.90617 34.44697 35.08912 35.86591 37.18538 38.80242 42.37259 54.48067 61.56566 43.03363 39.81154 38.85828 38.34854 38.22926 38.11076 38.07633 38.06705 38.05604 38.04503 38.04092 38.08360 38.13368 38.18376 38.29491 38.41345 38.46262 38.43681 38.41100 38.44805 38.60604 38.60214 38.53072 38.48225 38.43981 38.39737 38.35493 38.31250 38.27006 38.22762 38.18518 38.14275 38.10031 38.05787 38.01543 37.97299 37.93055 37.88811 37.84568 37.80324 37.76080 37.71836 37.67592 37.63348
32.76378 32.84643 32.92908 33.01413 33.13615 33.26450 33.40277 33.57701 33.81432 34.08290 34.51332 35.11975 35.91888 37.17647 38.63475 43.62010 60.42881 61.21222 42.58270 39.44777 38.53790 38.17302 38.03235 37.99508 37.98617 37.96567 37.95776 37.94683 37.93582 37.96083 37.99352 38.03210 38.08392 38.20247 38.19914 38.17333 38.14752 38.12172 38.17674 38.28539 38.46317 38.39175 38.32931 38.28687 38.24444 38.20200 38.15956 38.11712 38.07468 38.03225 37.98981 37.94737 37.90493 37.86249 37.82005 37.77761 37.73518 37.69274 37.65030 37.60786 37.56542 37.52298 37.48055
33.18738 33.18473 33.26738 33.35376 33.47084 33.60189 33.81377 34.04576 34.34061 34.72336 35.20345 36.11011 37.26414 38.82533 43.12992 57.75714 63.58623 41.74724 39.22245 38.32923 37.94614 37.83269 37.89190 37.91784 37.90892 37.87642 37.84709 37.83761 37.84806 37.88075 37.91343 37.94612 37.96147 37.93567 37.90985 37.88405 37.85824 37.83243 37.90542 38.00361 38.21915 38.25278 38.18137 38.13394 38.09150 38.04906 38.00662 37.96418 37.92175 37.87931 37.83687 37.79443 37.75199 37.70955 37.66711 37.62468 37.58224 37.53980 37.49736 37.45492 37.41248 37.37004 37.32761
33.75485 33.62016 33.61296 33.72000 33.86169 34.06211 34.29624 34.62190 34.96832 35.53190 36.31953 37.67352 39.70534 44.41216 58.74229 53.98183 40.58508 38.95469 38.14003 37.77454 37.64883 37.64222 37.75158 37.84059 37.83168 37.79842 37.76406 37.73197 37.75424 37.77861 37.80297 37.82734 37.68592 37.64638 37.62057 37.59476 37.56895 37.54315 37.63411 37.73230 37.89850 38.11381 38.04240 37.98100 37.93856 37.89612 37.85368 37.81124 37.76881 37.72637 37.68393 37.64149 37.59905 37.55661 37.51418 37.47174 37.42930 37.38686 37.34442 37.30198 37.25954 37.21711 37.17467
34.55776 34.28140 34.17000 34.20815 34.35132 34.60020 34.91415 35.33775 35.87966 36.68060 38.26622 40.63163 46.17945 61.54171 49.00103 38.80379 37.56275 37.74850 37.63391 37.52521 37.55641 37.58796 37.63174 37.72061 37.75443 37.72043 37.69050 37.66515 37.64317 37.65454 37.67891 37.60275 37.43131 37.35710 37.33129 37.30548 37.27967 37.26461 37.36280 37.46098 37.57786 37.83226 37.90343 37.83202 37.78562 37.74318 37.70074 37.65831 37.61587 37.57343 37.53099 37.48855 37.44611 37.40368 37.36124 37.31880 37.27636 37.23392 37.19149 37.14905 37.10661 37.06417 37.02173
36.40224 35.15577 34.79993 34.81604 34.97138 35.28990 35.68938 36.24802 37.34161 38.60987 41.16830 52.19821 59.95446 43.84061 38.28194 37.33302 37.09413 37.49847 37.38095 37.45397 37.51111 37.54231 37.58568 37.62946 37.67679 37.64938 37.62357 37.59832 37.57634 37.55437 37.51959 37.34814 37.17670 37.06781 37.04200 37.01620 36.99039 36.99330 37.09148 37.18967 37.28786 37.51162 37.76446 37.69305 37.63268 37.59024 37.54781 37.50537 37.46293 37.42049 37.37806 37.33562 37.29318 37.25074 37.20830 37.16586 37.12342 37.08099 37.03855 36.99611 36.95367 36.91123 36.86879
43.22080 36.81580 36.20494 35.59722 35.79437 36.14246 36.87401 37.67690 39.24553 42.82553 57.18170 55.13332 40.57114 37.83796 36.87941 36.26217 36.71730 37.26794 37.26706 37.36206 37.45705 37.49701 37.53962 37.55261 37.06221 37.57160 37.55663 37.53150 37.50952 37.43286 37.26455 37.09354 36.92209 36.77853 36.75272 36.72691 36.70110 36.72198 36.82017 36.91836 37.01654 37.19097 37.44537 37.55408 37.48267 37.43731 37.39487 37.35243 37.30999 37.26756 37.22512 37.18268 37.14024 37.09780 37.05536 37.01292 36.97049 36.92805 36.88561 36.84317 36.80073 36.75829 36.71585
40.29222 42.93970 38.15079 37.74908 37.12514 37.49148 38.33507 40.43452 45.25303 59.30228 53.50138 38.89280 37.34853 36.56374 36.10254 35.94513 36.07891 37.04679 36.84738 37.05898 37.36513 37.45171 37.33707 36.84668 36.35629 36.74580 37.33430 37.46468 37.34497 37.17666 37.00835 36.83893 36.66748 36.49604 36.46344 36.43763 36.41182 36.45067 36.54885 36.64705 36.74523 36.87033 37.12473 37.37912 37.34369 37.28437 37.24193 37.19949 37.15705 37.11462 37.07218 37.02974 36.98730 36.94486 36.90242 36.85999 36.81755 36.77511 36.73267 36.69023 36.64779 36.60535 36.56292
