utils/recept2grid/defaut_grille.grd
DSAA         
319 359        
657891.5 634041.5        
5075888. 5049038.        
12.76284 87.57597        
[rows 308 to 335 of 359, columns 252 to 314 of 319]
23.66374 23.55082 23.45815 23.36548 23.26819 23.16825 23.06789 22.95949 22.84398 22.69928 22.55602 22.41420 22.27238 22.13056 21.98874 21.84692 21.68370 21.51988 21.35606 21.17683 20.96908 20.76134 20.55359 20.26050 19.94494 19.62938 19.51258 19.37138 19.02981 18.68824 18.34667 18.00510 17.68984 17.50611 17.32238 17.13865 17.00972 16.93199 16.85426 16.77653 16.68250 16.58731 16.49210 16.39690 16.30170 16.20650 16.14972 16.09850 16.04729 15.99607 15.94485 15.89363 15.84241 15.79119 15.73998 15.70133 15.65997 15.60144 15.54292 15.48992 15.43814 15.38635 15.33456
23.59069 23.47637 23.38162 23.28857 23.18863 23.08628 22.97788 22.86949 22.75814 22.61344 22.46874 22.32448 22.18266 22.04084 21.89902 21.75719 21.60635 21.44253 21.27871 21.10155 20.89380 20.68605 20.45125 20.13569 19.82013 19.50457 19.24450 19.15571 18.81414 18.47257 18.13100 17.83009 17.64636 17.46263 17.27890 17.09517 16.96720 16.88947 16.81174 16.73400 16.65627 16.56318 16.46799 16.37278 16.27758 16.19559 16.14437 16.09315 16.04193 15.99071 15.93950 15.88828 15.83706 15.78584 15.73462 15.68340 15.63708 15.58257 15.53079 15.47900 15.42721 15.37543 15.32364
23.52369 23.40937 23.30510 23.20901 23.10467 22.99628 22.88788 22.77949 22.67109 22.52760 22.38290 22.23820 22.09350 21.95111 21.80929 21.66747 21.52565 21.36518 21.20136 21.02626 20.81852 20.61077 20.32643 20.01087 19.69531 19.37975 19.06419 18.90441 18.59848 18.25691 17.97034 17.78661 17.60288 17.41915 17.23542 17.05169 16.92467 16.84694 16.76921 16.69148 16.61375 16.53602 16.44387 16.34867 16.25346 16.19023 16.13902 16.08780 16.03658 15.98536 15.93414 15.88292 15.83171 15.78049 15.72077 15.66098 15.62140 15.57165 15.51987 15.46808 15.41629 15.36450 15.31272
23.45691 23.34237 23.22857 23.12306 23.01467 22.90628 22.79788 22.68949 22.58109 22.44176 22.29706 22.15236 22.00766 21.86296 21.71956 21.57774 21.43592 21.28783 21.12401 20.95098 20.74323 20.51717 20.20161 19.88605 19.57049 19.25493 18.93937 18.63632 18.38281 18.11059 17.92686 17.74313 17.55940 17.37567 17.19194 17.00821 16.88215 16.80442 16.72669 16.64895 16.57122 16.49349 16.41576 16.32455 16.23610 16.18488 16.13366 16.08244 16.03123 15.97494 15.91514 15.85535 15.79555 15.73575 15.67596 15.61699 15.59102 15.56073 15.50894 15.45716 15.40537 15.35358 15.30180
23.39191 23.27733 23.15499 23.03306 22.92467 22.81627 22.70788 22.59949 22.49109 22.35592 22.21122 22.06652 21.92182 21.77712 21.63242 21.48802 21.34620 21.20438 21.04666 20.87570 20.66795 20.39235 20.07679 19.76123 19.44567 19.13011 18.81455 18.49899 18.25084 18.06711 17.88338 17.69965 17.51592 17.33219 17.14846 16.96473 16.83962 16.76189 16.68416 16.60643 16.52870 16.45097 16.37324 16.29551 16.22911 16.16931 16.10952 16.04972 15.98992 15.93013 15.87033 15.81053 15.75074 15.69094 15.63115 15.58661 15.56064 15.53467 15.49802 15.44623 15.39445 15.34266 15.29087
23.32691 23.20622 23.08013 22.95403 22.83467 22.72627 22.61788 22.50948 22.40109 22.27007 22.12538 21.98068 21.83598 21.69128 21.54658 21.40188 21.25718 21.11465 20.96931 20.80042 20.58309 20.26753 19.95197 19.63642 19.32086 19.02933 18.77693 18.52452 18.26194 18.02363 17.83990 17.65617 17.47244 17.28871 17.10498 16.92125 16.79710 16.71937 16.64164 16.56391 16.48618 16.40844 16.33071 16.29774 16.24142 16.12450 16.06470 16.00491 15.94511 15.88531 15.82552 15.76572 15.70592 15.64613 15.58633 15.55623 15.53026 15.50428 15.47831 15.43531 15.38353 15.33174 15.27995
23.25745 23.13135 23.00526 22.87916 22.75306 22.63627 22.52788 22.41948 22.31109 22.18423 22.03953 21.89483 21.75014 21.60543 21.46074 21.31604 21.17134 21.02664 20.88310 20.72514 20.45827 20.14272 19.83746 19.58506 19.33266 19.08025 18.82785 18.57545 18.31286 18.03953 17.79642 17.61269 17.42896 17.24523 17.06150 16.87777 16.75457 16.67684 16.59911 16.52138 16.44365 16.36592 16.33963 16.33538 16.33113 16.15088 16.01989 15.96009 15.90030 15.84050 15.78070 15.72091 15.66111 15.60132 15.55182 15.52585 15.49988 15.47390 15.44793 15.42196 15.37260 15.32082 15.26903
23.24469 23.16870 22.93039 22.80429 22.67819 22.55210 22.43788 22.32948 22.22109 22.09839 21.95369 21.80899 21.66429 21.51959 21.37489 21.23019 21.08549 20.94079 20.79609 20.64902 20.39319 20.14079 19.88838 19.63598 19.38358 19.13117 18.87877 18.62637 18.36378 18.09045 17.81711 17.56921 17.38548 17.20175 17.01802 16.83429 16.71205 16.63432 16.55659 16.47886 16.40112 16.38151 16.37726 16.37301 16.36877 16.27489 16.06033 15.91528 15.85548 15.79569 15.73589 15.67610 15.61630 15.55650 15.52144 15.49547 15.46949 15.44352 15.41755 15.39158 15.36168 15.30989 15.25811
23.20792 23.14543 23.08294 22.77438 22.60332 22.47723 22.35113 22.23948 22.13108 22.01255 21.86785 21.72315 21.57845 21.43375 21.28905 21.14435 20.99965 20.87101 20.80554 20.73008 20.45915 20.19171 19.93930 19.68690 19.43450 19.18209 18.92969 18.67729 18.41470 18.14137 17.86804 17.59470 17.34200 17.15827 16.97454 16.79081 16.66953 16.59179 16.51406 16.43633 16.42340 16.41915 16.41490 16.41065 16.40640 16.39890 16.18435 15.96979 15.81067 15.75087 15.69108 15.63128 15.57149 15.51703 15.49106 15.46509 15.43911 15.41314 15.38717 15.36119 15.33522 15.29897 15.24718
23.17116 23.10867 23.04618 22.98369 22.75685 22.40236 22.27626 22.15017 22.04108 21.92671 21.78201 21.63731 21.49261 21.34791 21.20321 21.09377 21.02830 20.96283 20.89736 20.81586 20.54494 20.27401 20.00309 19.73782 19.48542 19.23302 18.98061 18.72821 18.46562 18.19229 17.91896 17.64562 17.37229 17.11479 16.93106 16.74733 16.62700 16.54927 16.47154 16.46529 16.46104 16.45679 16.45254 16.44829 16.44404 16.43979 16.30836 16.09381 15.87925 15.70606 15.64627 15.58647 15.52667 15.48665 15.46068 15.43470 15.40873 15.38276 15.35678 15.33081 15.30484 15.27887 15.23626
23.13440 23.07191 23.00942 22.94693 22.88444 22.73931 22.36253 22.07530 21.95108 21.84087 21.69617 21.55147 21.40677 21.31654 21.25107 21.18560 21.12012 21.05466 20.98919 20.90164 20.63072 20.35979 20.08887 19.81795 19.54702 19.28394 19.03153 18.77913 18.51654 18.24321 17.96988 17.69655 17.42321 17.14988 16.88758 16.70385 16.58447 16.51142 16.50717 16.50292 16.49867 16.49443 16.49018 16.48593 16.48168 16.47743 16.43237 16.21782 16.00327 15.78871 15.60145 15.54166 15.48224 15.45627 15.43029 15.40432 15.37835 15.35238 15.32640 15.30043 15.27446 15.24848 15.22251
23.09763 23.03514 22.97265 22.91016 22.84768 22.78519 22.72178 22.34499 21.96821 21.75269 21.61032 21.53930 21.47383 21.40836 21.34289 21.27742 21.21195 21.14648 21.08101 20.98742 20.71650 20.44557 20.17465 19.90373 19.63280 19.36188 19.09096 18.83005 18.56746 18.29413 18.02080 17.74747 17.47413 17.20080 16.92747 16.66037 16.55331 16.54906 16.54481 16.54056 16.53631 16.53206 16.52781 16.52357 16.51932 16.51507 16.51082 16.34183 16.12728 15.91273 15.69817 15.49684 15.45186 15.42589 15.39991 15.38586 15.43254 15.47921 15.52589 15.57257 15.61925 15.66593 15.71261
23.06965 23.00351 22.93737 22.87340 22.81091 22.74842 22.68593 22.62344 22.32746 21.88970 21.63901 21.57494 21.51088 21.44681 21.38275 21.31868 21.25462 21.19056 21.12649 21.00980 20.75089 20.47996 20.20904 19.93812 19.66719 19.39627 19.12535 18.85443 18.63918 18.40404 18.13286 17.86168 17.59050 17.31931 17.04813 16.77695 16.62503 16.62005 16.61508 16.61010 16.60513 16.60015 16.59518 16.59021 16.58523 16.58026 16.55173 16.48670 16.27338 16.06007 15.84675 15.63344 15.52240 15.57507 15.62775 15.68042 15.73310 15.78577 15.83844 15.89112 15.94379 15.99646 16.04725
23.06573 22.99960 22.93346 22.86732 22.80118 22.73504 22.66890 22.60276 22.52626 22.11219 21.62821 21.56414 21.50008 21.43602 21.37195 21.30789 21.24382 21.17976 21.11569 20.93053 20.71973 20.44895 20.17802 19.90710 19.63618 19.36525 19.09433 18.82341 18.60816 18.45164 18.29513 18.03941 17.76822 17.49704 17.22586 16.95468 16.72289 16.71792 16.71295 16.70797 16.70300 16.69802 16.69305 16.68807 16.67148 16.60005 16.52861 16.48000 16.44018 16.22991 16.01660 15.80328 15.58997 15.63567 15.68835 15.74102 15.79369 15.84637 15.89904 15.95171 16.00439 16.05005 16.04631
23.06182 22.99568 22.92954 22.86340 22.79726 22.73112 22.66499 22.59885 22.48461 22.33468 21.80404 21.55335 21.48928 21.42522 21.36115 21.29709 21.23303 21.16896 21.06205 20.85126 20.64046 20.41793 20.14700 19.87608 19.60516 19.33423 19.06331 18.79239 18.57714 18.42062 18.26411 18.10759 17.94596 17.67477 17.40359 17.13241 16.86123 16.81579 16.81081 16.80584 16.80086 16.79589 16.79091 16.71979 16.64836 16.57693 16.50550 16.46058 16.42076 16.38093 16.18644 15.97312 15.75981 15.69627 15.74894 15.80162 15.85429 15.90697 15.95964 16.01231 16.05285 16.04910 16.04536
23.05790 22.99176 22.92562 22.85948 22.79335 22.72721 22.66107 22.58888 22.44296 22.29705 22.02653 21.54255 21.47849 21.41442 21.35036 21.28629 21.22223 21.15816 20.98278 20.77199 20.56119 20.35040 20.11599 19.84506 19.57414 19.30322 19.03229 18.76137 18.54612 18.38961 18.23309 18.07657 17.92005 17.76353 17.58132 17.31014 17.03895 16.91365 16.90868 16.90371 16.89873 16.83953 16.76810 16.69667 16.62524 16.55381 16.48237 16.44116 16.40133 16.36151 16.32169 16.14297 15.92965 15.75687 15.80954 15.86222 15.91489 15.96756 16.02024 16.05564 16.05190 16.04815 16.04441
23.05398 22.98784 22.92171 22.85557 22.78943 22.72329 22.65715 22.54723 22.40132 22.25540 22.10949 21.71838 21.46769 21.40363 21.33956 21.27550 21.21143 21.11431 20.90351 20.69272 20.48192 20.27113 20.06034 19.81404 19.54312 19.27220 19.00127 18.73035 18.51511 18.35859 18.20207 18.04555 17.88903 17.73252 17.57600 17.41948 17.21668 17.01152 17.00655 16.95928 16.88785 16.81641 16.74498 16.67355 16.60212 16.53069 16.46156 16.42174 16.38191 16.34209 16.30227 16.26245 16.09950 15.88618 15.87014 15.92281 15.97549 16.02816 16.05844 16.05470 16.05095 16.04720 16.04346
23.13895 22.98393 22.91779 22.85165 22.78551 22.71937 22.65149 22.50558 22.35967 22.21375 22.06784 21.92192 21.45689 21.39283 21.32876 21.26470 21.20064 21.03503 20.82424 20.61345 20.40265 20.19186 19.98107 19.77027 19.51210 19.24118 18.97026 18.69933 18.48409 18.32757 18.17105 18.01453 17.85802 17.70150 17.54498 17.38846 17.23194 17.08300 17.00759 16.93616 16.86473 16.79329 16.72186 16.65043 16.57900 16.50757 16.44214 16.40232 16.36249 16.32267 16.28285 16.24302 16.20320 16.05602 15.93074 15.98341 16.03609 16.06124 16.05749 16.05375 16.05000 16.04626 16.04251
23.28185 22.98001 22.91387 22.84773 22.78160 22.71546 22.60985 22.46393 22.31802 22.17210 22.02619 21.88028 21.63273 21.38203 21.31797 21.25390 21.16656 20.95576 20.74497 20.53418 20.32338 20.11259 19.90180 19.69100 19.48021 19.21016 18.93924 18.66831 18.45307 18.29655 18.14003 17.98351 17.82700 17.67048 17.51396 17.35881 17.21408 17.07783 16.98995 16.91304 16.84161 16.77018 16.69874 16.62731 16.55588 16.48445 16.42272 16.38289 16.34307 16.30325 16.26343 16.22360 16.18378 16.14396 16.01255 16.04401 16.06403 16.06029 16.05654 16.05280 16.04905 16.04531 16.04156
23.40645 23.09370 22.90996 22.84382 22.77768 22.71154 22.56820 22.42228 22.27637 22.13046 21.98454 21.83863 21.69271 21.37123 21.30717 21.24311 21.08729 20.87649 20.66570 20.45491 20.24411 20.03332 19.82253 19.61173 19.40094 19.17914 18.90822 18.63730 18.42205 18.26553 18.10901 17.95250 17.79598 17.63946 17.49245 17.34772 17.20299 17.07266 16.98478 16.89689 16.81849 16.74706 16.67562 16.60419 16.53276 16.46133 16.40330 16.36347 16.32365 16.28383 16.24401 16.20418 16.16436 16.12454 16.08472 16.06683 16.06308 16.05934 16.05559 16.05185 16.04810 16.04436 16.04062
23.38585 23.22919 22.90604 22.83990 22.77376 22.67246 22.52655 22.38063 22.23472 22.08881 21.94289 21.79698 21.65106 21.50515 21.29638 21.21881 21.00802 20.79722 20.58643 20.37564 20.16484 19.95405 19.74325 19.53246 19.32167 19.11087 18.87720 18.60628 18.39103 18.23451 18.07800 17.92148 17.77082 17.62609 17.48136 17.33663 17.19190 17.06749 16.97960 16.89172 16.80383 16.72394 16.65250 16.58107 16.50964 16.43821 16.38388 16.34405 16.30423 16.26441 16.22459 16.18476 16.14494 16.11375 16.08913 16.07286 16.06499 16.05839 16.05465 16.05090 16.04716 16.04341 16.03967
23.37859 23.20860 23.04845 22.83598 22.76984 22.63081 22.48490 22.33899 22.19307 22.04716 21.90124 21.75533 21.60942 21.46350 21.28558 21.13954 20.92875 20.71795 20.50716 20.29637 20.08557 19.87478 19.66398 19.45319 19.24240 19.03160 18.82081 18.57526 18.36001 18.20350 18.04919 17.90446 17.75973 17.61500 17.47027 17.32554 17.18081 17.06232 16.97443 16.88655 16.79866 16.71078 16.62938 16.55795 16.48652 16.41509 16.36446 16.32463 16.28481 16.24499 16.20517 16.17125 16.14663 16.12201 16.09738 16.08029 16.07241 16.06454 16.05666 16.04995 16.04621 16.04246 16.03872
23.39750 23.21944 23.04139 22.86030 22.73508 22.58917 22.44325 22.29734 22.15142 22.00551 21.86346 21.72178 21.58011 21.43843 21.29667 21.14683 20.92274 20.69866 20.47458 20.25050 20.02641 19.80233 19.58471 19.37392 19.16313 18.95233 18.74154 18.53074 18.32899 18.18283 18.03810 17.89337 17.74864 17.60391 17.45918 17.31445 17.16972 17.05715 16.96926 16.88138 16.79349 16.70561 16.61772 16.53483 16.46340 16.39197 16.34504 16.30521 16.26539 16.22874 16.20412 16.17950 16.15488 16.13026 16.10564 16.08771 16.07984 16.07196 16.06409 16.05622 16.04834 16.04151 16.03777
23.41641 23.23835 23.06030 22.89143 22.72091 22.57923 22.43756 22.29588 22.15421 22.01253 21.87085 21.72918 21.58750 21.44583 21.30278 21.15842 21.01405 20.84088 20.61679 20.39271 20.16863 19.94454 19.72046 19.49638 19.27229 19.04821 18.82413 18.59892 18.34279 18.17174 18.02701 17.88227 17.73755 17.59281 17.44808 17.30335 17.15862 17.05198 16.96409 16.87621 16.78832 16.70044 16.61255 16.52467 16.44028 16.36885 16.32561 16.28624 16.26162 16.23700 16.21238 16.18775 16.16313 16.13851 16.11389 16.09514 16.08727 16.07939 16.07152 16.06364 16.05577 16.04789 16.04002
23.43532 23.25992 23.10658 22.92610 22.74424 22.58663 22.44495 22.30328 22.16160 22.01993 21.87825 21.73657 21.59490 21.45322 21.30888 21.16452 21.02016 20.87580 20.73144 20.53492 20.31084 20.08676 19.86268 19.63859 19.41451 19.19043 18.96634 18.71367 18.45754 18.20141 18.01591 17.87118 17.72645 17.58172 17.43699 17.29226 17.14753 17.04681 16.95892 16.87104 16.78315 16.69527 16.60738 16.51950 16.43161 16.34602 16.31912 16.29449 16.26987 16.24525 16.22063 16.19601 16.17139 16.14676 16.12214 16.10256 16.09469 16.08681 16.07894 16.07107 16.06319 16.05532 16.04744
23.47298 23.31964 23.14198 22.96078 22.77956 22.59566 22.45235 22.31067 22.16900 22.02732 21.88564 21.74397 21.60229 21.45935 21.31499 21.17063 21.02627 20.88190 20.73754 20.59318 20.44882 20.22897 20.00489 19.78081 19.55672 19.33264 19.08454 18.82841 18.57228 18.31615 18.06003 17.86009 17.71536 17.57063 17.42590 17.28117 17.13644 17.04164 16.95375 16.86587 16.77798 16.69010 16.60221 16.51433 16.43796 16.37035 16.33395 16.30275 16.27813 16.25350 16.22888 16.20426 16.17964 16.15502 16.13040 16.10999 16.10212 16.09424 16.08637 16.07849 16.07062 16.06274 16.05487
23.53269 23.35787 23.17666 22.99545 22.81424 22.63103 22.45974 22.31807 22.17639 22.03472 21.89304 21.75137 21.60969 21.46546 21.32110 21.17673 21.03237 20.88801 20.74365 20.59929 20.45492 20.31056 20.14710 19.92302 19.69894 19.45542 19.19929 18.94316 18.68703 18.43090 18.17477 17.91864 17.70427 17.55954 17.41481 17.27008 17.12535 17.03647 16.94858 16.86070 16.77281 16.68493 16.60262 16.53502 16.46741 16.39980 16.36182 16.32621 16.29061 16.26176 16.23713 16.21251 16.18789 16.16327 16.13865 16.11742 16.10954 16.10167 16.09379 16.08592 16.07804 16.07604 16.08460
23.57375 23.39254 23.21133 23.03012 22.84891 22.66639 22.48245 22.32546 22.18379 22.04211 21.90044 21.75876 21.61593 21.47157 21.32720 21.18284 21.03848 20.89412 20.74975 20.60539 20.46103 20.31667 20.17231 20.02794 19.82629 19.57016 19.31403 19.05791 18.80178 18.54565 18.28952 18.03339 17.77726 17.54845 17.40372 17.25899 17.11918 17.03130 16.94341 16.85553 16.76764 16.69968 16.63207 16.56446 16.49686 16.42925 16.38969 16.35408 16.31847 16.28287 16.24726 16.22077 16.19614 16.17152 16.14690 16.12484 16.11697 16.10909 16.10122 16.09334 16.10011 16.10867 16.11724
