utils/recept2grid/defaut_grille.grd
DSAA         
319 359        
657891.5 634041.5        
5075888. 5049038.        
12.76284 87.57597        
[rows 168 to 195 of 359, columns 126 to 188 of 319]
63.20588 79.75149 48.68187 43.90016 40.82216 39.34742 38.64961 37.95679 37.51756 37.08188 36.82991 36.61340 36.42953 36.26940 36.15840 36.09571 36.19986 36.97472 41.08447 35.97808 35.29410 34.85616 34.57838 34.36960 34.16093 33.97501 33.79929 33.61920 33.43767 33.25497 33.07124 32.89515 32.71906 31.88846 31.48479 31.29361 31.11252 30.94070 30.76665 30.60923 30.45212 30.33082 30.23670 30.14618 30.05567 29.96515 29.88358 29.83039 29.77568 29.67171 29.56775 29.46379 29.35982 29.25586 29.15189 29.04793 28.94684 28.85024 28.77014 28.69405 28.61635 28.46364 28.39049
69.31843 69.62268 47.21645 43.11841 40.77403 39.44772 38.77282 38.09725 37.50190 37.09717 36.88066 36.66416 36.45749 36.33826 36.24005 36.28114 36.37724 39.27601 39.71301 35.73607 35.19171 34.84454 34.60631 34.39674 34.18764 33.97898 33.79697 33.61544 33.43391 33.25416 33.07660 32.89975 32.72366 32.54757 31.48493 31.31400 31.14308 30.97125 30.79720 30.62315 30.45613 30.36561 30.27510 30.18458 30.09406 30.00354 29.91821 29.86501 29.80353 29.69957 29.59560 29.49164 29.38767 29.28371 29.17974 29.07578 28.97182 28.86785 28.77017 28.69145 28.61379 28.49233 28.41919
49.24119 67.15231 48.00130 44.06125 40.64506 39.50352 38.87922 38.21883 37.54393 37.14793 36.93803 36.73094 36.52385 36.42194 36.35128 36.42470 36.73490 41.42925 37.03461 35.59670 35.14910 34.84549 34.63120 34.42118 34.21116 34.00114 33.80801 33.63191 33.45581 33.27978 33.10371 32.92544 32.74717 32.57141 32.23645 31.49357 31.17363 31.00181 30.82776 30.67629 30.53214 30.40401 30.31349 30.22297 30.13246 30.04194 29.95283 29.89963 29.83138 29.72742 29.62345 29.51949 29.41553 29.31156 29.20760 29.10363 28.99967 28.89570 28.79174 28.69011 28.59417 28.52103 28.44213
45.90261 66.07391 52.11605 45.24765 40.66382 39.32931 38.71478 38.10025 37.49749 37.19478 36.99884 36.79055 36.59634 36.50667 36.45793 36.55235 37.57672 41.20733 36.23649 35.53997 35.13958 34.87487 34.64849 34.43557 34.22555 34.01840 33.83641 33.65745 33.48135 33.30545 33.12965 32.95256 32.77431 32.60909 32.27413 31.83515 31.39616 31.04640 30.90225 30.75810 30.61395 30.46980 30.35189 30.26137 30.17085 30.08033 29.98982 29.93425 29.85923 29.75527 29.65131 29.54734 29.44338 29.33941 29.23545 29.13148 29.02752 28.92356 28.81959 28.71619 28.61803 28.53206 28.45126
43.94491 58.38324 61.11184 43.58017 40.68507 39.35593 38.59824 37.98741 37.50113 37.21811 37.02671 36.83807 36.68295 36.61545 36.61308 36.82555 40.24051 39.59749 35.97264 35.47072 35.13564 34.90478 34.67802 34.45150 34.23994 34.04737 33.86538 33.68340 33.50693 33.33113 33.15533 32.97953 32.81199 32.64677 32.31181 31.87283 31.44020 31.11097 30.97907 30.83991 30.69576 30.55161 30.40746 30.29976 30.20925 30.11873 30.02821 29.96887 29.88709 29.78312 29.67916 29.57520 29.47123 29.36727 29.26330 29.15934 29.05537 28.95141 28.85599 28.76087 28.66093 28.55909 28.46039
43.14185 47.65889 63.38076 44.47031 40.94269 39.34571 38.48233 37.94948 37.52866 37.25997 37.04875 36.87209 36.77522 36.73566 36.79927 37.24873 41.37846 36.77857 35.91349 35.44739 35.15462 34.92258 34.69912 34.47566 34.25903 34.07728 33.89553 33.71379 33.53684 33.36342 33.18999 33.01780 32.84967 32.68444 32.34949 31.91179 31.50326 31.17403 31.04213 30.91023 30.77758 30.63342 30.48927 30.34512 30.24764 30.15712 30.06661 30.00349 29.91494 29.81098 29.70701 29.60305 29.49908 29.39512 29.29115 29.18719 29.09090 28.99579 28.90067 28.80556 28.70382 28.60198 28.50014
42.94183 45.04424 66.42947 45.96154 41.28177 39.35395 38.49018 37.93620 37.55619 37.30080 37.08892 36.95148 36.88845 36.88095 37.06261 38.81573 40.51746 36.42801 35.83904 35.45969 35.17650 34.94384 34.72558 34.50733 34.30203 34.11267 33.93093 33.75015 33.57576 33.40193 33.22851 33.05825 32.88960 32.72213 32.38717 31.97485 31.56631 31.23708 31.10519 30.97329 30.84139 30.70950 30.57109 30.42694 30.28604 30.19552 30.10500 30.03811 29.94279 29.83883 29.73486 29.63090 29.52694 29.42297 29.32582 29.23070 29.13559 29.04047 28.94536 28.84856 28.74672 28.64488 28.54304
41.99843 44.83617 63.23816 53.39302 41.40192 39.31380 38.48512 37.97709 37.61874 37.33266 37.15589 37.03896 36.99928 37.17025 37.43178 41.52469 37.94765 36.25708 35.78928 35.46852 35.22435 34.98034 34.75901 34.54075 34.34537 34.15000 33.96632 33.78937 33.61497 33.44058 33.26736 33.09871 32.93005 32.76161 32.44643 32.03790 31.62937 31.30014 31.16824 31.03634 30.90445 30.77255 30.64066 30.50875 30.36460 30.23392 30.14340 30.07273 29.97064 29.86668 29.76272 29.65875 29.56073 29.46561 29.37050 29.27538 29.18027 29.08516 28.99004 28.89146 28.78962 28.68778 28.58593
41.81231 43.46278 55.53011 62.14837 41.22232 39.26209 38.45657 37.96608 37.63189 37.40057 37.22138 37.12469 37.14502 37.34464 38.47993 41.69803 36.84536 36.25709 35.79916 35.50989 35.27195 35.02821 34.79243 34.58408 34.38871 34.19334 34.00298 33.82871 33.65471 33.48071 33.31096 33.14407 32.97717 32.80990 32.50949 32.10096 31.69242 31.36319 31.23130 31.09940 30.96750 30.83561 30.70371 30.57182 30.43992 30.30226 30.18179 30.10246 29.99850 29.89453 29.79564 29.70053 29.60541 29.51030 29.41518 29.32007 29.22496 29.12984 29.03473 28.93435 28.83251 28.73067 28.62883
41.80627 43.58833 53.42021 61.65466 41.12649 39.21514 38.45157 38.02069 37.66621 37.43148 37.29758 37.24675 37.39494 37.74207 41.24450 39.08131 36.76364 36.16153 35.81131 35.54320 35.30526 35.06732 34.83095 34.63094 34.43829 34.24563 34.05352 33.87173 33.69773 33.52401 33.35845 33.19274 33.02584 32.81550 32.52418 32.16401 31.75548 31.42625 31.29435 31.16246 31.03056 30.89866 30.76677 30.63487 30.50298 30.37108 30.23918 30.13031 30.03055 29.93544 29.84033 29.74521 29.65010 29.55498 29.45987 29.36476 29.26964 29.17453 29.07909 28.97725 28.87541 28.77357 28.67173
41.94014 43.86919 59.90378 59.41397 41.05857 39.24844 38.52856 38.01175 37.72481 37.49426 37.36052 37.34127 37.79406 38.54438 42.46513 37.47437 36.73369 36.17934 35.84702 35.57652 35.35031 35.12689 34.90419 34.68648 34.49382 34.30117 34.10944 33.91771 33.74075 33.57142 33.40586 33.24030 33.07452 32.82110 32.52978 32.22707 31.81853 31.48931 31.35741 31.22551 31.09362 30.96172 30.82982 30.69793 30.56603 30.43413 30.31257 30.19695 30.08088 29.98013 29.88501 29.78990 29.69478 29.59967 29.50455 29.40944 29.31433 29.21921 29.12199 29.02015 28.91831 28.81647 28.71462
42.44554 45.11384 64.11951 47.49810 40.77672 39.15262 38.45513 38.07724 37.76032 37.55535 37.43612 37.50722 37.81180 41.88166 41.51532 37.30279 36.62459 36.20786 35.90938 35.64744 35.42282 35.19940 34.97785 34.75741 34.54936 34.35709 34.16536 33.97363 33.78439 33.62733 33.47106 33.31478 33.13535 32.82753 32.53537 32.24405 31.88159 31.55236 31.42046 31.28857 31.15667 31.02477 30.89288 30.76098 30.64505 30.52954 30.41403 30.29850 30.18243 30.06637 29.95031 29.83458 29.73947 29.64435 29.54924 29.45412 29.35901 29.26390 29.16489 29.06305 28.96120 28.85936 28.75752
42.30331 46.98497 65.13622 43.59369 40.51111 39.14080 38.48916 38.08390 37.81390 37.62888 37.50517 37.57710 38.35560 45.15284 39.45803 37.89750 36.66376 36.26494 36.00436 35.74242 35.49534 35.27194 35.05150 34.83106 34.61063 34.43052 34.25665 34.08278 33.90773 33.73417 33.57789 33.42162 33.16338 32.85556 32.54774 32.24965 31.94465 31.61542 31.48352 31.35162 31.21973 31.09304 30.97753 30.86202 30.74651 30.63099 30.51548 30.39997 30.28398 30.16792 30.05185 29.93579 29.81973 29.70366 29.59392 29.49881 29.40370 29.30858 29.20778 29.10594 29.00652 28.91424 28.82196
42.91880 51.45309 62.37090 42.55445 40.35349 39.11554 38.49975 38.12061 37.86429 37.67794 37.59763 37.64863 38.98921 45.52338 38.54340 37.47672 36.74907 36.34703 36.09082 35.83462 35.57547 35.34560 35.13519 34.93621 34.73825 34.55928 34.38401 34.21014 34.03416 33.85726 33.68473 33.49924 33.19142 32.88360 32.57578 32.26796 31.96393 31.67847 31.54658 31.42552 31.31001 31.19450 31.07899 30.96347 30.84796 30.73245 30.61694 30.50143 30.38553 30.26946 30.15340 30.03734 29.92127 29.80521 29.68915 29.57308 29.45702 29.35252 29.25788 29.16560 29.07332 28.98104 28.88876
45.82035 64.34663 53.01132 42.12201 39.95470 39.05910 38.51187 38.15054 37.90858 37.75348 37.70927 37.76126 38.73892 46.08157 38.87962 37.53812 36.86334 36.42911 36.17254 35.91357 35.66264 35.46139 35.26347 35.06449 34.87098 34.69201 34.51305 34.33750 34.16060 33.98369 33.80910 33.59858 33.29076 32.98294 32.67512 32.36730 32.05948 31.76162 31.64249 31.52698 31.41147 31.29596 31.18044 31.06493 30.94942 30.83391 30.71840 30.60289 30.48708 30.37101 30.25495 30.13889 30.02282 29.90676 29.79070 29.67463 29.56102 29.45689 29.33118 29.23240 29.14012 29.04784 28.95556
45.74670 66.87670 45.56068 41.44702 39.88853 39.06128 38.53595 38.22290 37.97036 37.82998 37.78560 38.04678 38.66101 45.25379 40.81055 37.72169 36.90477 36.51504 36.24308 35.99661 35.78645 35.58350 35.38901 35.19277 35.00371 34.82475 34.64862 34.47176 34.29554 34.12111 33.94668 33.76941 33.55131 33.24349 32.93567 32.61667 32.21242 31.88718 31.75852 31.62987 31.51292 31.39741 31.28190 31.16639 31.05088 30.93537 30.81986 30.70435 30.58862 30.47256 30.35650 30.24043 30.12437 30.00831 29.89224 29.78167 29.67994 29.57733 29.45162 29.32592 29.20692 29.11464 29.02236
49.02724 65.42625 43.88900 41.34943 39.87069 39.06907 38.58345 38.25467 38.03107 37.89967 37.90337 38.03043 38.63496 41.25536 44.54826 37.81227 37.00364 36.60818 36.33273 36.11769 35.91025 35.70560 35.51111 35.31663 35.14373 34.96831 34.79290 34.61454 34.43464 34.25869 34.08348 33.90607 33.72866 33.50404 33.14647 32.74222 32.33798 32.01273 31.88408 31.75542 31.62677 31.49887 31.38336 31.26785 31.15234 31.03683 30.92132 30.80581 30.69017 30.57411 30.45805 30.34198 30.22592 30.10985 30.00231 29.90059 29.79887 29.69715 29.57206 29.44636 29.32065 29.19494 29.08916
53.73801 62.37464 43.24578 40.77353 39.67957 39.03997 38.60768 38.30849 38.11749 37.96288 37.94824 38.24402 39.11251 40.42989 45.78407 37.72414 37.12953 36.68875 36.44733 36.24149 36.03406 35.82770 35.63322 35.45634 35.28588 35.11259 34.93718 34.75732 34.57742 34.39752 34.22014 34.04261 33.86506 33.65511 33.27203 32.86778 32.46353 32.13829 32.00963 31.88098 31.75232 31.62367 31.49501 31.36931 31.25380 31.13828 31.02277 30.90726 30.79172 30.67566 30.55959 30.44353 30.32747 30.22296 30.12124 30.01951 29.91779 29.81607 29.69250 29.56680 29.44109 29.31538 29.18967
58.95599 59.24982 42.86326 40.97000 39.68914 39.05341 38.64928 38.36506 38.16619 38.06291 38.06580 38.31437 40.51674 43.44743 43.92347 37.71734 37.14344 36.78289 36.56244 36.35969 36.15694 35.95043 35.76747 35.59701 35.42656 35.25610 35.08001 34.90028 34.72359 34.54690 34.35846 34.17865 34.00111 33.74518 33.39758 32.99334 32.58909 32.26384 32.13519 32.00653 31.87788 31.74922 31.62057 31.49191 31.36326 31.23974 31.12423 31.00872 30.89321 30.77720 30.66114 30.54532 30.44360 30.34188 30.24016 30.13844 30.03672 29.93500 29.81294 29.68723 29.56153 29.43582 29.31011
62.97169 52.44325 42.54370 40.54623 39.67623 39.08729 38.70207 38.43191 38.24729 38.13321 38.12299 38.34449 47.92665 45.68239 39.10496 37.70478 37.17173 36.88517 36.66953 36.46678 36.26837 36.07900 35.90969 35.73924 35.56878 35.39833 35.22816 35.05238 34.87568 34.69676 34.50654 34.31632 34.13715 33.83525 33.50831 33.11889 32.71465 32.38940 32.26075 32.13209 32.00343 31.87478 31.74612 31.61747 31.48881 31.36016 31.23150 31.11018 30.99467 30.87875 30.76597 30.66425 30.56253 30.46081 30.35909 30.25736 30.15564 30.05392 29.93338 29.80767 29.68196 29.55626 29.43055
64.89535 49.60912 42.27967 40.43027 39.64464 39.08768 38.75095 38.50231 38.32705 38.22445 38.28746 38.72757 51.12556 40.66952 38.48828 37.70542 37.29665 37.00768 36.78415 36.59378 36.40341 36.22101 36.05293 35.88298 35.71252 35.54228 35.37214 35.20201 35.02777 34.84484 34.65462 34.46440 34.25362 33.92533 33.59838 33.24445 32.84020 32.51496 32.38630 32.25764 32.12899 32.00034 31.87168 31.74302 31.61437 31.48571 31.35706 31.22840 31.09975 30.98661 30.88489 30.78317 30.68145 30.57973 30.47801 30.37629 30.27457 30.17285 30.05382 29.92811 29.80240 29.67670 29.55099
65.66676 49.11542 43.66375 40.41743 39.63132 39.15755 38.81432 38.57421 38.41312 38.31778 38.32563 39.28082 49.57426 40.50938 38.75132 37.75186 37.39559 37.16779 36.93999 36.72882 36.53845 36.36301 36.19494 36.02672 35.85640 35.68626 35.51613 35.34837 35.18288 34.99380 34.80413 34.61446 34.35879 34.01717 33.68846 33.36151 32.96576 32.64051 32.51186 32.38320 32.25455 32.12589 31.99723 31.86858 31.73992 31.61127 31.48261 31.38015 31.28728 31.23212 31.00382 30.90210 30.80038 30.69865 30.59693 30.49521 30.39349 30.29177 30.17426 30.04855 29.92284 29.79714 29.67143
66.41119 48.07269 43.24391 40.31301 39.67340 39.17668 38.89418 38.67310 38.51608 38.42847 38.44484 38.68484 49.96542 40.41284 38.87742 37.81969 37.52135 37.31098 37.10061 36.87326 36.67349 36.50502 36.33899 36.17928 36.02412 35.85863 35.69314 35.52765 35.34267 35.14696 34.95432 34.76464 34.46396 34.12234 33.78072 33.45158 33.09131 32.76607 32.63741 32.50875 32.38010 32.25145 32.12279 31.99413 31.88268 31.78099 31.67931 31.57762 31.55596 31.57635 31.33422 31.09209 30.91930 30.81758 30.71586 30.61414 30.51242 30.41070 30.29470 30.16899 30.04328 29.91758 29.79187
64.88104 45.89920 41.96410 40.36920 39.63747 39.27788 38.96594 38.76580 38.63337 38.55560 38.58574 38.90795 50.49761 39.53663 38.47259 37.92947 37.64222 37.43184 37.22154 37.01202 36.82386 36.66246 36.50275 36.34330 36.18950 36.03569 35.87242 35.69431 35.49860 35.30289 35.10717 34.91075 34.56913 34.22750 33.88588 33.54426 33.21471 32.89162 32.76297 32.63431 32.50566 32.38521 32.28353 32.18184 32.08015 31.97847 31.87678 31.80279 31.85156 31.92057 31.67845 31.43632 31.19419 30.95207 30.83478 30.73306 30.63134 30.52962 30.41514 30.28943 30.16372 30.03802 30.03991
44.64706 45.02635 43.16338 41.24100 39.80098 39.32460 39.06569 38.88156 38.75024 38.73151 38.76712 40.04108 49.07568 39.56124 38.49814 38.04791 37.76803 37.56076 37.37885 37.19695 37.01504 36.83313 36.66651 36.50816 36.35435 36.20054 35.98631 35.75425 35.54371 35.33317 35.12263 34.91209 34.63204 34.31155 33.99105 33.64943 33.30781 33.01718 32.88852 32.78606 32.68437 32.58269 32.48100 32.37931 32.27763 32.17594 32.09224 32.02885 32.14716 32.26480 32.02267 31.78055 31.53842 31.29629 31.05417 30.85199 30.75027 30.64854 30.53558 30.40987 30.30343 30.31512 30.32681
45.29892 44.12901 42.95910 41.78918 40.61927 39.44936 39.26804 39.09607 39.09998 39.18150 39.26302 41.25558 47.76697 39.16882 38.91586 38.66289 38.40992 38.15696 37.90400 37.65103 37.39806 37.14510 36.87801 36.64478 36.41047 36.17617 35.94186 35.70755 35.47325 35.23895 35.01164 34.80110 34.59056 34.30052 33.98002 33.65953 33.36106 33.19370 33.08522 32.98353 32.88185 32.78016 32.67847 32.57679 32.47510 32.38169 32.31830 32.30473 32.44276 32.58079 32.36690 32.12477 31.88264 31.64052 31.39839 31.15627 30.91414 30.76747 30.65602 30.57865 30.59034 30.60203 30.61372
43.92700 42.75709 41.58717 40.41726 39.24735 39.77161 39.59964 39.49073 39.57224 39.65376 39.73528 47.83701 41.82203 39.04089 38.78792 38.53495 38.28199 38.02903 37.77606 37.52309 37.27013 37.01716 36.78859 36.71815 36.64771 36.57728 36.38003 35.88880 35.58179 35.28775 34.99372 34.72589 34.49158 34.26903 33.96899 33.77188 33.59328 33.42591 33.28650 33.18101 33.07932 32.97763 32.87595 32.77426 32.67258 32.60775 32.54436 32.60033 32.73836 32.87639 32.71112 32.46900 32.22687 31.98475 31.74262 31.50049 31.25837 31.01624 30.85386 30.86555 30.87724 30.88893 30.90062
42.55508 41.38517 40.21525 39.04534 39.26159 40.10321 39.93125 39.96299 40.04451 40.12602 44.31279 45.80750 39.16592 38.91295 38.65998 38.40702 38.15405 37.90109 37.64812 37.39516 37.14219 36.88923 36.79449 36.72405 36.65361 36.58317 36.51273 36.44230 36.37186 36.26048 35.76925 35.27803 34.85099 34.55695 34.26292 34.00410 33.82550 33.65814 33.51873 33.37931 33.27679 33.17511 33.07342 32.97174 32.89721 32.83382 32.77043 32.89593 33.03396 33.17199 33.05535 32.81322 32.57109 32.32897 32.08685 31.84472 31.60259 31.47527 31.33515 31.19859 31.16415 31.17584 31.18753
