utils/recept2grid/defaut_grille.grd
DSAA         
319 359        
657891.5 634041.5        
5075888. 5049038.        
12.76284 87.57597        
[rows 112 to 139 of 359, columns 126 to 188 of 319]
35.88002 34.44172 33.63103 33.04362 32.45621 31.87548 31.60703 31.33857 31.06603 30.79564 30.59678 30.41545 30.26491 30.19353 30.27026 31.24694 33.67422 30.05104 29.57979 29.31640 29.12832 28.95942 28.79552 28.63935 28.51217 28.39821 28.28729 28.20681 28.12944 28.05496 28.02210 28.01535 28.00860 27.94275 27.87009 27.84388 27.81879 27.79370 27.76861 27.74353 27.72144 27.71008 27.69873 27.68738 27.67603 27.66468 27.65333 27.64198 27.64673 27.65411 27.67038 27.68665 27.70291 27.71918 27.73545 27.75172 27.76799 27.78426 27.71672 27.63898 27.55536 27.46872 27.39856
37.35828 35.04586 33.94892 33.36151 32.77540 32.18941 31.82895 31.56050 31.27960 30.99706 30.77566 30.58128 30.43542 30.34066 30.40162 31.17906 33.97923 30.21259 29.71122 29.45361 29.26068 29.08244 28.90498 28.73589 28.62213 28.51121 28.40029 28.31857 28.24120 28.17328 28.11791 28.11116 28.09474 28.02208 27.94942 27.88719 27.86211 27.83702 27.81193 27.78684 27.76500 27.75365 27.74230 27.73095 27.71960 27.70825 27.69690 27.68459 27.68247 27.69267 27.70894 27.72521 27.74148 27.75775 27.77402 27.79029 27.80656 27.81789 27.74016 27.66242 27.56491 27.48568 27.41552
38.38597 35.63133 34.26729 33.68102 33.09503 32.50904 32.05088 31.77571 31.49317 31.21063 30.96922 30.78666 30.64210 30.55260 30.58851 31.26852 34.11757 30.44571 29.92539 29.64785 29.45275 29.27620 29.09677 28.92146 28.77861 28.63576 28.51329 28.43372 28.36847 28.30322 28.23797 28.20697 28.17408 28.10142 28.02876 27.95610 27.90542 27.88033 27.85525 27.83016 27.80857 27.79722 27.78587 27.77452 27.76316 27.75181 27.73835 27.73497 27.73159 27.73851 27.74751 27.76378 27.78005 27.79632 27.81259 27.82885 27.84512 27.84133 27.76360 27.67888 27.57446 27.50263 27.43248
39.97987 36.51987 34.75549 34.01338 33.42287 32.83236 32.27182 31.99773 31.72394 31.45015 31.19636 31.01161 30.87469 30.78202 30.79750 31.37950 34.16724 30.76752 30.17418 29.85725 29.64433 29.46312 29.28370 29.10703 28.96418 28.82133 28.67244 28.57214 28.50307 28.43400 28.36790 28.30279 28.25341 28.18075 28.10810 28.03543 27.96277 27.92365 27.89856 27.87348 27.85213 27.84078 27.82943 27.81808 27.80673 27.79210 27.78872 27.78535 27.78197 27.78757 27.79455 27.80234 27.81861 27.83488 27.85115 27.86742 27.88369 27.86477 27.78703 27.68843 27.58975 27.51959 27.45575
41.67441 37.72766 35.29617 34.34999 33.75948 33.16514 32.61619 32.22615 31.95519 31.68423 31.44088 31.23923 31.09055 30.99706 31.02558 31.70564 34.68341 31.01127 30.40516 30.07317 29.84960 29.65990 29.47117 29.29259 29.14758 28.99698 28.85162 28.73268 28.65116 28.58209 28.51301 28.43648 28.39987 28.26009 28.18743 28.11477 28.04211 27.96945 27.94188 27.91679 27.89570 27.88435 27.87300 27.86165 27.84586 27.84248 27.83910 27.83573 27.83235 27.83662 27.84361 27.85059 27.85757 27.87345 27.88972 27.90599 27.92226 27.88821 27.80239 27.69798 27.60671 27.53655 27.49390
47.85656 39.38349 35.98933 34.68660 34.08882 33.52844 32.98719 32.45073 32.17978 31.92687 31.70252 31.47269 31.31956 31.25133 31.23527 31.84979 34.63041 31.25449 30.64318 30.28460 30.05893 29.86850 29.69140 29.61417 29.32153 29.17094 29.03224 28.91329 28.79925 28.72822 28.64735 28.56648 28.76217 28.57039 28.34878 28.19411 28.12144 28.04879 27.98520 27.96011 27.93927 27.92792 27.91657 27.89961 27.89623 27.89286 27.88948 27.88610 27.88273 27.88568 27.89266 27.89964 27.90663 27.91361 27.92828 27.94455 27.96082 27.91165 27.81195 27.70753 27.62367 27.56956 27.53206
57.10718 40.03344 36.58556 35.12235 34.44069 33.89944 33.35818 32.81692 32.41287 32.18120 31.94559 31.70999 31.54247 31.44666 31.45162 31.81623 35.00499 31.47491 30.88124 30.50125 30.29728 30.22004 30.14281 30.06557 29.52658 29.34489 29.21285 29.09391 29.10823 28.88797 28.77735 28.69648 28.89218 28.96251 28.74090 28.51930 28.29769 28.12812 28.05546 28.00343 27.98283 27.97148 27.95337 27.94999 27.94661 27.94324 27.93986 27.93648 27.93311 27.93473 27.94172 27.94870 27.95568 27.96267 27.96965 27.98312 27.99939 27.92591 27.82150 27.71709 27.64522 27.60772 27.58519
65.22323 41.84197 37.64279 35.80264 34.69527 34.14870 33.74937 33.39674 33.02715 32.61304 32.19893 31.93477 32.03360 31.67799 31.70475 32.08728 35.42732 31.74648 31.19977 30.71905 30.58063 30.60004 30.59421 30.51697 29.99901 29.51885 29.43998 29.52110 29.56253 29.57493 29.20552 28.82648 29.02217 29.30843 29.13302 28.91142 28.68981 28.46821 28.24660 28.06214 28.02640 28.00712 28.00374 28.00037 27.99699 27.99361 27.99024 27.98686 27.98348 27.98379 27.99077 27.99776 28.00474 28.01172 28.01871 28.02569 28.03626 27.93546 27.83105 27.72775 27.68917 27.67118 27.65319
66.82025 43.36997 38.56550 36.38820 35.14909 34.80277 34.45644 34.04424 33.62355 33.36393 32.94178 32.51963 32.76598 32.71506 32.67340 32.83264 36.15155 32.62066 32.08054 31.71250 31.47229 31.27367 31.07550 30.86978 30.35153 29.85882 29.92737 30.00444 30.01683 30.00021 29.86922 29.23802 29.26770 29.54023 29.39100 29.16310 28.93520 28.70729 28.47939 28.25149 28.06334 28.05750 28.05412 28.05074 28.04737 28.04399 28.04062 28.03724 28.03386 28.03284 28.03983 28.04681 28.05379 28.06078 28.06776 28.07475 28.07221 27.96834 27.86191 27.77453 27.76083 27.74359 27.72635
61.42442 52.32826 39.64986 36.90150 35.76904 35.22845 34.76342 34.27911 33.88197 33.63311 33.42146 33.21280 33.05986 32.94532 32.91855 33.22306 36.03263 32.98447 32.32053 31.93236 31.68639 31.49053 31.27643 31.06169 30.58370 30.36394 30.42379 30.39376 30.27426 30.15477 30.02129 29.62229 29.61721 29.70068 29.48713 29.25923 29.03133 28.80343 28.57699 28.35658 28.12001 28.11318 28.10635 28.10112 28.09775 28.09437 28.09099 28.08762 28.08424 28.08190 28.08888 28.09587 28.10285 28.10983 28.11665 28.11156 28.10648 28.02242 27.91598 27.83506 27.83025 27.81794 27.80070
48.26678 65.60018 41.14169 38.03907 36.27158 35.47317 34.96617 34.54883 34.14168 33.87149 33.64267 33.44648 33.28926 33.17502 33.11422 33.22355 36.46869 33.25844 32.57015 32.16315 31.89780 31.68307 31.46834 31.25361 30.81587 30.86905 30.71902 30.54832 30.42882 30.30742 30.16902 30.00657 29.93392 29.81116 29.58326 29.35536 29.12746 28.90630 28.67163 28.41325 28.17667 28.16984 28.16301 28.15618 28.14935 28.14475 28.14137 28.13799 28.13462 28.13124 28.13794 28.14492 28.15191 28.15600 28.15092 28.14583 28.14075 28.07649 27.97005 27.89540 27.89335 27.88497 27.87296
43.04360 69.54729 43.34265 38.63049 36.76849 35.88545 35.22330 34.81830 34.40609 34.12387 33.88820 33.68063 33.51768 33.39811 33.33028 33.42939 36.44046 33.62717 32.90429 32.39954 32.11407 31.89122 31.66836 31.44552 31.25154 31.07601 30.90048 30.72495 30.58338 30.45515 30.31675 30.17835 30.04905 29.90730 29.67940 29.45150 29.23560 28.98667 28.72829 28.46992 28.23334 28.22651 28.21968 28.21285 28.20602 28.19919 28.19236 28.18837 28.18499 28.18162 28.18699 28.19398 28.19536 28.19027 28.18519 28.18010 28.17502 28.13056 28.02413 27.95573 27.95565 27.94986 27.93969
40.88905 63.38069 50.72872 39.76627 37.31004 36.22652 35.53048 35.05298 34.68745 34.38206 34.12859 33.91908 33.75247 33.63020 33.55424 33.66228 36.91040 34.06351 33.25251 32.64100 32.33937 32.11538 31.88118 31.64062 31.41638 31.24703 31.07768 30.90640 30.73794 30.60136 30.45170 30.30204 30.16419 30.00343 29.77553 29.56009 29.30171 29.04334 28.78496 28.52658 28.29001 28.28318 28.27635 28.26951 28.26268 28.25585 28.24902 28.24219 28.23537 28.23200 28.23605 28.23472 28.22963 28.22454 28.21946 28.21437 28.20929 28.18464 28.07820 28.01606 28.01727 28.01217 28.00638
39.43568 51.36671 62.80811 41.17183 37.90499 36.67387 35.91175 35.38016 34.96522 34.63634 34.37555 34.16415 33.98870 33.85797 33.77058 33.86438 37.10505 34.67258 33.55729 32.90765 32.56142 32.30676 32.06068 31.82745 31.59821 31.40512 31.23577 31.06643 30.86684 30.71909 30.57384 30.42419 30.27932 30.09956 29.87513 29.61676 29.35838 29.10000 28.84163 28.58325 28.34667 28.33984 28.33301 28.32618 28.31935 28.31252 28.30569 28.29886 28.29203 28.28491 28.27407 28.26899 28.26390 28.25881 28.25373 28.24864 28.24356 28.23847 28.13227 28.07639 28.07760 28.07448 28.06868
39.15653 44.35192 65.32097 42.89766 39.21862 37.23117 36.31258 35.67677 35.22098 34.88000 34.59021 34.38493 34.20148 34.05867 33.98841 33.98751 37.17796 36.59544 33.78632 33.17704 32.77419 32.48672 32.24352 32.01429 31.78505 31.56320 31.38630 31.18067 30.97504 30.81143 30.67716 30.54289 30.39668 30.19018 29.93180 29.67342 29.41505 29.15667 28.89829 28.63992 28.40334 28.39651 28.38968 28.38285 28.37602 28.36919 28.36236 28.35552 28.34074 28.32279 28.30956 28.30337 28.29817 28.29308 28.28800 28.28291 28.27782 28.27274 28.18635 28.13672 28.13793 28.13678 28.13099
38.12458 42.43496 64.88229 47.51871 40.00955 37.69681 36.57027 35.92269 35.43499 35.05909 34.76382 34.52330 34.33201 34.18085 34.05715 34.05019 35.00605 38.96319 34.15794 33.43036 32.90004 32.58405 32.32853 32.10926 31.89000 31.66978 31.48293 31.28886 31.08323 30.90377 30.76950 30.63523 30.47833 30.24360 29.98847 29.73009 29.47171 29.21334 28.95496 28.69658 28.46001 28.45318 28.44635 28.43951 28.43268 28.42585 28.41450 28.39656 28.37862 28.36068 28.34561 28.33896 28.33294 28.32735 28.32227 28.31718 28.31210 28.30701 28.24042 28.19706 28.19827 28.19909 28.19330
37.80099 40.73315 59.03343 62.67204 41.13002 38.41099 36.95627 36.16148 35.60301 35.19514 34.86652 34.61743 34.40496 34.25393 34.11856 34.19576 34.55734 39.84331 34.94803 33.75410 32.99256 32.64851 32.37568 32.15634 31.93551 31.71469 31.51808 31.34115 31.16421 30.99042 30.83287 30.67531 30.50838 30.26676 30.02514 29.78352 29.52838 29.27000 29.01163 28.75325 28.51667 28.50984 28.50301 28.49618 28.48827 28.47033 28.45239 28.43445 28.41650 28.39856 28.38167 28.37497 28.36853 28.36250 28.35654 28.35145 28.34636 28.34128 28.29450 28.25739 28.25860 28.25981 28.25560
37.57979 39.16519 45.46493 67.03120 42.86246 39.19853 37.32870 36.39553 35.78362 35.33590 34.97041 34.69407 34.48371 34.32808 34.18610 34.14820 34.27347 39.54250 36.95882 34.43107 33.07878 32.70976 32.43002 32.20126 31.98042 31.75959 31.55323 31.37630 31.20045 31.02963 30.87229 30.71474 30.53153 30.28991 30.04829 29.80667 29.56505 29.32343 29.06829 28.80992 28.57334 28.56651 28.55968 28.54410 28.52616 28.50821 28.49027 28.47233 28.45439 28.43645 28.41850 28.41103 28.40432 28.39810 28.39207 28.38604 28.38063 28.37555 28.34857 28.31772 28.31893 28.32014 28.31791
37.36399 38.50509 41.91385 67.12321 47.15904 39.82624 37.69888 36.69866 35.98895 35.45246 35.07586 34.79226 34.56876 34.38782 34.23681 34.15063 34.23497 37.01578 38.95327 33.88284 33.16647 32.78888 32.48864 32.24655 32.02569 31.80473 31.58838 31.41323 31.23815 31.06882 30.91152 30.75416 30.55469 30.31306 30.07145 29.82982 29.58821 29.34658 29.10497 28.86334 28.63001 28.61786 28.59992 28.58198 28.56404 28.54610 28.52816 28.51022 28.49227 28.47433 28.45639 28.44708 28.44038 28.43369 28.42766 28.42163 28.41560 28.40982 28.40264 28.37805 28.37926 28.38047 28.38391
37.11137 38.55400 40.47932 59.64388 60.77440 41.20758 38.61323 37.02283 36.15660 35.60723 35.19806 34.89011 34.64813 34.45885 34.29505 34.18451 34.23021 35.23841 39.46924 34.14375 33.31411 32.86928 32.54425 32.28813 32.06727 31.84605 31.62987 31.45093 31.27585 31.10800 30.95070 30.79396 30.60273 30.36309 30.12345 29.88381 29.64417 29.40453 29.16489 28.92222 28.69072 28.65753 28.63781 28.61987 28.60192 28.58398 28.56604 28.54810 28.53016 28.51222 28.49427 28.48314 28.47644 28.46973 28.46325 28.45723 28.45120 28.44517 28.43914 28.44033 28.44422 28.44810 28.46219
37.00946 37.87417 39.71556 45.61647 66.82657 42.76524 39.29058 37.37030 36.40036 35.76463 35.31379 34.97955 34.72198 34.53776 34.35960 34.21635 34.25784 34.74977 39.85930 34.41919 33.51656 32.94532 32.59947 32.32971 32.10808 31.88629 31.67230 31.49224 31.31355 31.14718 30.99203 30.83894 30.68586 30.44961 30.20997 29.97034 29.73069 29.48873 29.23959 28.99046 28.75896 28.71554 28.68403 28.66067 28.63981 28.62187 28.60393 28.58598 28.56804 28.55010 28.53216 28.51920 28.51250 28.50579 28.49909 28.49282 28.48679 28.48076 28.49305 28.50969 28.51357 28.51746 28.53763
36.92613 37.68769 39.09841 42.29534 66.82177 47.48530 40.34754 37.78473 36.61975 35.90597 35.41486 35.06669 34.80467 34.60571 34.41293 34.27576 34.28405 34.52946 39.80654 35.59904 33.70282 33.01642 32.65133 32.38511 32.14831 31.92652 31.71473 31.53467 31.35461 31.18954 31.03701 30.88392 30.73084 30.53614 30.29650 30.05524 29.80610 29.55697 29.30783 29.05870 28.82721 28.78163 28.74342 28.71053 28.68717 28.66381 28.64181 28.62387 28.60593 28.58798 28.57004 28.55526 28.54855 28.54185 28.53514 28.52844 28.52239 28.53468 28.55174 28.56880 28.58293 28.59155 28.61306
36.85974 37.52666 38.79114 41.91029 60.24902 58.26394 41.16888 38.14054 36.80320 36.04655 35.54030 35.16598 34.88911 34.68337 34.48746 34.31279 34.25547 34.44903 39.09430 37.53765 33.71513 33.08205 32.70401 32.44981 32.20238 31.96675 31.75716 31.57710 31.40335 31.22961 31.07714 30.92561 30.77407 30.62135 30.37261 30.12348 29.87434 29.62521 29.37607 29.12694 28.89545 28.84987 28.80530 28.77130 28.73730 28.71367 28.69031 28.66695 28.64381 28.62587 28.60793 28.59132 28.58461 28.57791 28.57120 28.56596 28.58046 28.59714 28.61382 28.63050 28.64718 28.69571 28.74247
36.86767 37.43832 38.46246 40.25959 47.61802 66.47365 43.54813 39.33829 37.11571 36.22425 35.65393 35.26318 34.97857 34.74802 34.54188 34.37830 34.30564 34.46926 37.34711 38.83332 33.86721 33.14588 32.76271 32.50761 32.26376 32.01965 31.80064 31.62690 31.45315 31.27941 31.11628 30.96474 30.81605 30.66917 30.44085 30.19172 29.94258 29.69345 29.44431 29.19518 28.96369 28.91811 28.87253 28.83318 28.79918 28.76517 28.74017 28.71681 28.69345 28.67009 28.64673 28.62787 28.62067 28.61840 28.61722 28.61603 28.64457 28.66998 28.68666 28.70334 28.77663 28.85711 28.90308
36.84755 37.37722 38.13855 39.66322 44.13649 68.58440 47.27633 41.07921 37.35934 36.35607 35.76573 35.36267 35.05866 34.83366 34.60912 34.41132 34.29800 34.45989 36.48628 39.45699 33.99973 33.19960 32.81886 32.55615 32.31078 32.06446 31.83867 31.66617 31.49646 31.32676 31.15546 31.00909 30.86386 30.71698 30.48906 30.25996 30.01082 29.76169 29.51256 29.26342 29.03193 28.98635 28.94077 28.89519 28.86106 28.82705 28.79305 28.76667 28.74331 28.71995 28.69659 28.68027 28.67095 28.66847 28.66729 28.67513 28.70560 28.73606 28.75951 28.82856 28.92999 29.02289 29.06369
36.84892 37.32426 38.05707 39.68923 42.36820 67.37269 52.11019 39.93542 37.53999 36.49650 35.87738 35.44616 35.15101 34.90250 34.67886 34.47359 34.34980 34.46695 36.53853 40.86339 34.13020 33.25460 32.87325 32.59290 32.34792 32.12213 31.89635 31.69693 31.52722 31.35780 31.21376 31.05972 30.91167 30.76479 30.53687 30.30895 30.07907 29.82993 29.58080 29.33166 29.10017 29.05459 29.00901 28.96343 28.92294 28.88894 28.85494 28.82093 28.79317 28.77128 28.75782 28.74435 28.73487 28.72618 28.71749 28.73616 28.77507 28.81581 28.88778 28.98410 29.08334 29.18476 29.22588
36.86580 37.33504 38.00615 39.24266 41.47794 63.90446 58.90967 40.56920 37.72834 36.63157 35.97824 35.57227 35.23854 35.00083 34.75494 34.53762 34.39407 35.23415 36.94835 44.67225 34.15918 33.33559 32.95235 32.62805 32.40559 32.17981 31.95402 31.72824 31.56254 31.41851 31.27447 31.12074 30.96591 30.81260 30.58468 30.35676 30.12884 29.89817 29.64904 29.39990 29.16841 29.12283 29.07725 29.03167 28.98609 28.95082 28.91682 28.88282 28.86231 28.83536 28.82190 28.80844 28.79879 28.79010 28.81070 28.85081 28.89155 28.93229 29.04460 29.19510 29.28186 29.34952 29.49992
36.90018 37.36195 37.99012 39.09153 41.04972 52.40553 66.10458 40.95003 37.91393 36.78931 36.15332 35.65646 35.32926 35.07292 34.83584 34.60483 34.47085 34.43955 35.51716 45.33198 34.28790 33.44850 32.99054 32.68723 32.44403 32.22836 32.01269 31.79701 31.62325 31.47921 31.33518 31.18177 31.02693 30.69201 30.54480 30.40458 30.17665 29.94873 29.71728 29.46814 29.23665 29.19107 29.14549 29.09991 29.05433 29.01270 28.97870 28.96579 28.95761 28.92969 28.89849 28.87252 28.87357 28.89763 28.92169 28.96503 29.00802 29.08282 29.20396 29.37173 29.49563 29.65064 29.88493
